1000
1 0
2 0
3 0
4 0
5 0
6 0
7 0
8 0
9 0
10 0
11 0
12 0
13 0
14 0
15 0
16 0
17 0
18 0
19 0
20 0
21 0
22 0
23 0
24 0
25 0
26 0
27 0
28 0
29 0
30 0
31 0
32 0
33 0
34 0
35 0
36 0
37 0
38 0
39 0
40 0
41 0
42 0
43 0
44 0
45 0
46 0
47 0
48 0
49 0
50 0
51 0
52 0
53 0
54 0
55 0
56 0
57 0
58 0
59 0
60 0
61 0
62 0
63 0
64 0
65 0
66 0
67 0
68 0
69 0
70 0
71 0
72 0
73 0
74 0
75 0
76 0
77 0
78 0
79 0
80 0
81 0
82 0
83 0
84 0
85 0
86 0
87 0
88 0
89 0
90 0
91 0
92 0
93 0
94 0
95 0
96 0
97 0
98 0
99 0
100 0
101 0
102 0
103 0
104 0
105 0
106 0
107 0
108 0
109 0
110 0
111 0
112 0
113 0
114 0
115 0
116 0
117 0
118 0
119 0
120 0
121 0
122 0
123 0
124 0
125 0
126 0
127 0
128 0
129 0
130 0
131 0
132 0
133 0
134 0
135 0
136 0
137 0
138 0
139 0
140 0
141 0
142 0
143 0
144 0
145 0
146 0
147 0
148 0
149 0
150 0
151 0
152 0
153 0
154 0
155 0
156 0
157 0
158 0
159 0
160 0
161 0
162 0
163 0
164 0
165 0
166 0
167 0
168 0
169 0
170 0
171 0
172 0
173 0
174 0
175 0
176 0
177 0
178 0
179 0
180 0
181 0
182 0
183 0
184 0
185 0
186 0
187 0
188 0
189 0
190 0
191 0
192 0
193 0
194 0
195 0
196 0
197 0
198 0
199 0
200 0
201 0
202 0
203 0
204 0
205 0
206 0
207 0
208 0
209 0
210 0
211 0
212 0
213 0
214 0
215 0
216 0
217 0
218 0
219 0
220 0
221 0
222 0
223 0
224 0
225 0
226 0
227 0
228 0
229 0
230 0
231 0
232 0
233 0
234 0
235 0
236 0
237 0
238 0
239 0
240 0
241 0
242 0
243 0
244 0
245 0
246 0
247 0
248 0
249 0
250 0
251 0
252 0
253 0
254 0
255 0
256 0
257 0
258 0
259 0
260 0
261 0
262 0
263 0
264 0
265 0
266 0
267 0
268 0
269 0
270 0
271 0
272 0
273 0
274 0
275 0
276 0
277 0
278 0
279 0
280 0
281 0
282 0
283 0
284 0
285 0
286 0
287 0
288 0
289 0
290 0
291 0
292 0
293 0
294 0
295 0
296 0
297 0
298 0
299 0
300 0
301 0
302 0
303 0
304 0
305 0
306 0
307 0
308 0
309 0
310 0
311 0
312 0
313 0
314 0
315 0
316 0
317 0
318 0
319 0
320 0
321 0
322 0
323 0
324 0
325 0
326 0
327 0
328 0
329 0
330 0
331 0
332 0
333 0
334 0
335 0
336 0
337 0
338 0
339 0
340 0
341 0
342 0
343 0
344 0
345 0
346 0
347 0
348 0
349 0
350 0
351 0
352 0
353 0
354 0
355 0
356 0
357 0
358 0
359 0
360 0
361 0
362 0
363 0
364 0
365 0
366 0
367 0
368 0
369 0
370 0
371 0
372 0
373 0
374 0
375 0
376 0
377 0
378 0
379 0
380 0
381 0
382 0
383 0
384 0
385 0
386 0
387 0
388 0
389 0
390 0
391 0
392 0
393 0
394 0
395 0
396 0
397 0
398 0
399 0
400 0
401 0
402 0
403 0
404 0
405 0
406 0
407 0
408 0
409 0
410 0
411 0
412 0
413 0
414 0
415 0
416 0
417 0
418 0
419 0
420 0
421 0
422 0
423 0
424 0
425 0
426 0
427 0
428 0
429 0
430 0
431 0
432 0
433 0
434 0
435 0
436 0
437 0
438 0
439 0
440 0
441 0
442 0
443 0
444 0
445 0
446 0
447 0
448 0
449 0
450 0
451 0
452 0
453 0
454 0
455 0
456 0
457 0
458 0
459 0
460 0
461 0
462 0
463 0
464 0
465 0
466 0
467 0
468 0
469 0
470 0
471 0
472 0
473 0
474 0
475 0
476 0
477 0
478 0
479 0
480 0
481 0
482 0
483 0
484 0
485 0
486 0
487 0
488 0
489 0
490 0
491 0
492 0
493 0
494 0
495 0
496 0
497 0
498 0
499 0
499 1
499 2
498 2
497 2
496 2
495 2
494 2
493 2
492 2
491 2
490 2
489 2
488 2
487 2
486 2
485 2
484 2
483 2
482 2
481 2
480 2
479 2
478 2
477 2
476 2
475 2
474 2
473 2
472 2
471 2
470 2
469 2
468 2
467 2
466 2
465 2
464 2
463 2
462 2
461 2
460 2
459 2
458 2
457 2
456 2
455 2
454 2
453 2
452 2
451 2
450 2
449 2
448 2
447 2
446 2
445 2
444 2
443 2
442 2
441 2
440 2
439 2
438 2
437 2
436 2
435 2
434 2
433 2
432 2
431 2
430 2
429 2
428 2
427 2
426 2
425 2
424 2
423 2
422 2
421 2
420 2
419 2
418 2
417 2
416 2
415 2
414 2
413 2
412 2
411 2
410 2
409 2
408 2
407 2
406 2
405 2
404 2
403 2
402 2
401 2
400 2
399 2
398 2
397 2
396 2
395 2
394 2
393 2
392 2
391 2
390 2
389 2
388 2
387 2
386 2
385 2
384 2
383 2
382 2
381 2
380 2
379 2
378 2
377 2
376 2
375 2
374 2
373 2
372 2
371 2
370 2
369 2
368 2
367 2
366 2
365 2
364 2
363 2
362 2
361 2
360 2
359 2
358 2
357 2
356 2
355 2
354 2
353 2
352 2
351 2
350 2
349 2
348 2
347 2
346 2
345 2
344 2
343 2
342 2
341 2
340 2
339 2
338 2
337 2
336 2
335 2
334 2
333 2
332 2
331 2
330 2
329 2
328 2
327 2
326 2
325 2
324 2
323 2
322 2
321 2
320 2
319 2
318 2
317 2
316 2
315 2
314 2
313 2
312 2
311 2
310 2
309 2
308 2
307 2
306 2
305 2
304 2
303 2
302 2
301 2
300 2
299 2
298 2
297 2
296 2
295 2
294 2
293 2
292 2
291 2
290 2
289 2
288 2
287 2
286 2
285 2
284 2
283 2
282 2
281 2
280 2
279 2
278 2
277 2
276 2
275 2
274 2
273 2
272 2
271 2
270 2
269 2
268 2
267 2
266 2
265 2
264 2
263 2
262 2
261 2
260 2
259 2
258 2
257 2
256 2
255 2
254 2
253 2
252 2
251 2
250 2
249 2
248 2
247 2
246 2
245 2
244 2
243 2
242 2
241 2
240 2
239 2
238 2
237 2
236 2
235 2
234 2
233 2
232 2
231 2
230 2
229 2
228 2
227 2
226 2
225 2
224 2
223 2
222 2
221 2
220 2
219 2
218 2
217 2
216 2
215 2
214 2
213 2
212 2
211 2
210 2
209 2
208 2
207 2
206 2
205 2
204 2
203 2
202 2
201 2
200 2
199 2
198 2
197 2
196 2
195 2
194 2
193 2
192 2
191 2
190 2
189 2
188 2
187 2
186 2
185 2
184 2
183 2
182 2
181 2
180 2
179 2
178 2
177 2
176 2
175 2
174 2
173 2
172 2
171 2
170 2
169 2
168 2
167 2
166 2
165 2
164 2
163 2
162 2
161 2
160 2
159 2
158 2
157 2
156 2
155 2
154 2
153 2
152 2
151 2
150 2
149 2
148 2
147 2
146 2
145 2
144 2
143 2
142 2
141 2
140 2
139 2
138 2
137 2
136 2
135 2
134 2
133 2
132 2
131 2
130 2
129 2
128 2
127 2
126 2
125 2
124 2
123 2
122 2
121 2
120 2
119 2
118 2
117 2
116 2
115 2
114 2
113 2
112 2
111 2
110 2
109 2
108 2
107 2
106 2
105 2
104 2
103 2
102 2
101 2
100 2
99 2
98 2
97 2
96 2
95 2
94 2
93 2
92 2
91 2
90 2
89 2
88 2
87 2
86 2
85 2
84 2
83 2
82 2
81 2
80 2
79 2
78 2
77 2
76 2
75 2
74 2
73 2
72 2
71 2
70 2
69 2
68 2
67 2
66 2
65 2
64 2
63 2
62 2
61 2
60 2
59 2
58 2
57 2
56 2
55 2
54 2
53 2
52 2
51 2
50 2
49 2
48 2
47 2
46 2
45 2
44 2
43 2
42 2
41 2
40 2
39 2
38 2
37 2
36 2
35 2
34 2
33 2
32 2
31 2
30 2
29 2
28 2
27 2
26 2
25 2
24 2
23 2
22 2
21 2
20 2
19 2
18 2
17 2
16 2
15 2
14 2
13 2
12 2
11 2
10 2
9 2
8 2
7 2
6 2
5 2
4 2
3 2
2 2
1 2
1 1
