200 960
201 943
202 931
203 920
204 910
206 894
207 887
208 880
210 867
211 861
217 831
218 826
221 813
223 805
228 786
230 779
232 772
235 762
244 735
246 729
252 713
255 705
265 681
273 663
276 657
290 629
293 623
299 612
311 591
314 586
322 573
329 562
331 559
346 537
354 526
357 522
366 510
378 495
382 490
392 478
399 470
407 461
421 446
443 424
447 420
461 407
470 399
477 393
490 382
500 374
505 370
510 366
530 351
537 346
556 333
559 331
562 329
573 322
581 317
591 311
612 299
623 293
645 282
647 281
649 280
655 277
657 276
659 275
670 270
679 266
693 260
713 252
721 249
729 246
744 241
750 239
762 235
772 232
786 228
801 224
805 223
813 221
826 218
856 212
867 210
880 208
887 207
894 206
902 205
920 203
931 202
943 201
960 200
996 200
1034 200
1037 200
1038 200
1039 200
1056 201
1068 202
1079 203
1089 204
1097 205
1105 206
1112 207
1119 208
1132 210
1138 211
1148 213
1173 218
1186 221
1190 222
1194 223
1213 228
1227 232
1237 235
1243 237
1264 244
1270 246
1294 255
1306 260
1318 265
1336 273
1344 277
1362 286
1374 292
1376 293
1387 299
1394 303
1408 311
1413 314
1426 322
1437 329
1440 331
1462 346
1473 354
1477 357
1485 363
1489 366
1494 370
1504 378
1509 382
1521 392
1529 399
1538 407
1553 421
1570 438
1579 447
1592 461
1600 470
1606 477
1617 490
1629 505
1633 510
1645 526
1648 530
1653 537
1666 556
1670 562
1677 573
1682 581
1688 591
1696 605
1700 612
1706 623
1718 647
1719 649
1724 659
1729 670
1733 679
1739 693
1743 703
1745 708
1747 713
1750 721
1753 729
1757 741
1759 747
1764 762
1767 772
1769 779
1771 786
1775 801
1776 805
1778 813
1781 826
1782 831
1785 846
1787 856
1789 867
1791 880
1793 894
1794 902
1795 911
1796 920
1797 931
1798 943
1799 960
1799 1018
1799 1028
1799 1031
1799 1037
1799 1039
1798 1056
1797 1068
1796 1079
1795 1089
1794 1097
1793 1105
1791 1119
1789 1132
1788 1138
1787 1143
1785 1153
1781 1173
1778 1186
1777 1190
1776 1194
1771 1213
1769 1220
1767 1227
1764 1237
1753 1270
1750 1278
1747 1286
1744 1294
1734 1318
1726 1336
1719 1350
1716 1356
1713 1362
1706 1376
1700 1387
1696 1394
1688 1408
1685 1413
1677 1426
1670 1437
1668 1440
1653 1462
1645 1473
1636 1485
1633 1489
1621 1504
1617 1509
1607 1521
1600 1529
1592 1538
1578 1553
1557 1574
1552 1579
1538 1592
1529 1600
1522 1606
1509 1617
1494 1629
1489 1633
1469 1648
1462 1653
1443 1666
1440 1668
1437 1670
1426 1677
1418 1682
1408 1688
1401 1692
1387 1700
1376 1706
1360 1714
1340 1724
1329 1729
1320 1733
1313 1736
1306 1739
1291 1745
1286 1747
1270 1753
1264 1755
1237 1764
1227 1767
1213 1771
1198 1775
1190 1777
1186 1778
1173 1781
1163 1783
1143 1787
1132 1789
1119 1791
1112 1792
1105 1793
1097 1794
1088 1795
1079 1796
1068 1797
1056 1798
1039 1799
996 1799
978 1799
966 1799
965 1799
961 1799
960 1799
943 1798
931 1797
920 1796
910 1795
894 1793
880 1791
867 1789
861 1788
826 1781
813 1778
805 1776
786 1771
772 1767
762 1764
744 1758
729 1753
721 1750
713 1747
705 1744
681 1734
663 1726
631 1710
623 1706
612 1700
591 1688
586 1685
573 1677
562 1670
559 1668
537 1653
526 1645
518 1639
510 1633
505 1629
495 1621
490 1617
478 1607
470 1600
461 1592
446 1578
439 1571
431 1563
424 1556
420 1552
407 1538
399 1529
393 1522
382 1509
374 1499
366 1489
357 1477
354 1473
351 1469
346 1462
333 1443
331 1440
329 1437
322 1426
317 1418
311 1408
299 1387
293 1376
275 1340
270 1329
266 1320
263 1313
260 1306
258 1301
252 1286
249 1278
246 1270
244 1264
241 1255
237 1243
235 1237
232 1227
230 1220
228 1213
224 1198
223 1194
221 1186
218 1173
215 1158
213 1148
212 1143
210 1132
208 1119
206 1105
205 1097
203 1079
202 1068
201 1056
200 1039
200 994
200 967
