1000
-1431.55 -2810.44
-2171.17 -1582.28
-2194.49 -1923.88
-2632.03 -1126.61
-1823.59 -1923.99
-2345.91 -2339.3
-1664.67 -1470
-2006.46 -2747.55
-2672.86 -2764.97
-2732.48 -2746.84
-1260.98 -2460.76
-2578.83 -1582.04
-1789.87 -2582.87
-1933.52 -1348.92
-2256.04 -1571.39
-1386.04 -2764.6
-1371.29 -2677.07
-1623.29 -2537.58
-2663.64 -2546.77
-1499.15 -1269.72
-2593.42 -1515.47
-1983.72 -2826.24
-2598.36 -1294.97
-1088.77 -1025.76
-2754.93 -2297.74
-1796.82 -2800.85
-1437 -1070.86
-2641.38 -1414.2
-1770.15 -2223.9
-2799.07 -1628.09
-1441.87 -1078.89
-2746 -1252.8
-2783.33 -1820.87
-1428.81 -1439.16
-1722.96 -2502.77
-1100.43 -1936.53
-1828.42 -1381.43
-1693.09 -2087.42
-2134.24 -1497.43
-2798.26 -1800.49
-1679.33 -1962.52
-2056.83 -1685.74
-2119.35 -2132.2
-1451.52 -1782.43
-2428.48 -990.904
-1098.06 -1339.38
-1618.37 -982.453
-1822.04 -2844.37
-1405.2 -1499.25
-1111.54 -2273.36
-1330.37 -2147.64
-2557.29 -1243.37
-2349.92 -2178.6
-2704.36 -1378.83
-2204.73 -1608.67
-2594.79 -2618.26
-1445.83 -1022.37
-2178.07 -1785.76
-2597.33 -2585.69
-2618.28 -2660.67
-1159.16 -2162.6
-2189.29 -2754.35
-2739.96 -1810.89
-2348.55 -1168.04
-2469.26 -1310.67
-2488.96 -2502.36
-2790.37 -972.915
-2183.97 -2201.77
-2625.37 -2301.61
-1092.27 -2047.9
-1835.36 -2000.13
-2076.09 -2712.73
-1686.13 -2325.71
-2089.67 -1434.68
-1276.34 -1460.67
-2663.14 -1886.86
-1826.12 -1489.99
-2348.27 -2043.32
-2269.43 -1752.34
-2120.09 -1891.59
-1594.7 -1934.51
-1971.68 -1807.8
-1221.17 -1582.75
-1097.55 -1365.85
-2464.23 -1053.75
-2106.44 -1254.63
-1183.14 -1523.59
-1074 -1406.12
-1905.02 -1926.58
-2451.44 -2215.2
-1342 -2246.11
-985.411 -2339.08
-1625.59 -2226.51
-1229.86 -2384.76
-1527.88 -1137.01
-2134.68 -2406.36
-1472.96 -2188.44
-1036.87 -1361.27
-1802.25 -1768.56
-1903.08 -1212.95
-1546.64 -1522.39
-2121.26 -1274.41
-1758.98 -1808.61
-1013.45 -2275.69
-1766.83 -941.626
-2255.62 -2525.52
-2144.14 -2188.26
-1699.5 -2326.62
-1996.29 -1063.25
-1290.22 -2013.83
-1711 -2603.67
-2088.82 -2496.22
-1171.05 -2267.01
-1345.58 -2216.6
-2521.83 -2053.65
-896.326 -2327.78
-929.275 -1386.25
-2281.04 -2095.76
-1687.98 -1773.78
-1817.61 -2391.21
-2234.65 -2540.39
-2055 -1394.73
-1049.63 -1704.29
-1871.69 -1091.34
-2194.98 -2132.68
-2067.98 -2260.45
-2092.92 -1251.17
-2606.41 -1498.43
-1062.78 -2367.05
-1773.18 -1311.71
-991.488 -929.581
-1423.21 -1781.2
-1238.27 -1034.64
-1911.03 -1061.59
-2545.82 -2027.73
-1930.43 -1099.18
-1605.8 -2144.9
-1231.55 -1357.51
-1567.59 -1771.56
-1285.62 -2206.2
-1848.29 -1141.79
-1512.12 -2454.75
-1353.54 -1327.54
-1084.28 -1499.19
-1931.53 -1538.65
-1596.38 -1968.31
-1157.42 -2047.24
-2209.59 -2137.62
-2327.31 -1519.13
-959.914 -1530.12
-1759.41 -2273.56
-1834.5 -2004.33
-2488.86 -2484.3
-1684.06 -2192.87
-1823 -1486.44
-1762.53 -2097.78
-1978.13 -1103.55
-1564.55 -2400.28
-1347.34 -2460.71
-1449.44 -1784.84
-1199.45 -2400.52
-1894.9 -2174.46
-1760.85 -1495.31
-2149.87 -1550.47
-2216.73 -1535.19
-1264.74 -2252.57
-1719.75 -1438.68
-1381.25 -2229.6
-1887.91 -1664.47
-2292.52 -2200.15
-1771 -1184.85
-1439.33 -1532.11
-1406.78 -1226.31
-1163.64 -2144.67
-1420.04 -1900.09
-1783.39 -1758.65
-1423.06 -1770.18
-2414.54 -1171.78
-1872.01 -2325.78
-1370.56 -2057.39
-1809.94 -1584.71
-2177.54 -1789.69
-1525.91 -1041.24
-1858.39 -1078.91
-2422.98 -928.736
-1277.01 -1660.16
-2349.48 -1714.84
-2104.8 -1873.39
-1543.81 -1290.26
-2344.21 -810.719
-1727.36 -2123.5
-1434.79 -1663.17
-2004.52 -2311.48
-2173.9 -1380.78
-983.816 -1420.07
-2169.99 -1100.32
-2052.83 -1952.95
-2170.64 -1893.55
-2149.27 -1140.75
-1250.96 -1587.18
-817.767 -2122.31
-1408.86 -1701.74
-1147.39 -2321.96
-1197.44 -1080.65
-1080 -1862.86
-1562.65 -1110.33
-1948.23 -1977.48
-1867.5 -2173.09
-1152.42 -1535.09
-2136.76 -1623.53
-1912.27 -1324.77
-875.564 -1894.16
-1388.89 -1558.35
-1889.76 -2214.68
-1414.28 -1136.7
-865.716 -2326.89
-1644.68 -1429.07
-1359.51 -1462.12
-1739.54 -1983.84
-1469.01 -1749.4
-2057.51 -2014.34
-1617.83 -2218.4
-2016.48 -1630.15
-806.037 -1115.44
-1931.71 -815.408
-1339.94 -2123.45
-1659.81 -1481.22
-2235.95 -1422.27
-1279.84 -2245.17
-1047.24 -1771.44
-1744.52 -1892.98
-988.213 -1124.57
-1790.17 -1050.05
-2228.42 -1551.33
-970.062 -1194.4
-876.4 -1369.48
-1254.32 -2219.78
-1529.55 -1696.67
-2027.32 -942.994
-981.381 -1554.96
-1358.21 -1636.82
-813.142 -1533.04
-2168.65 -2223.08
-2153.64 -2244.61
-1713.57 -1151.2
-2251.73 -911.42
-1259.81 -1158.25
-1434.23 -957.387
-1726.07 -756.297
-1176.27 -1362.29
-1954.07 -1922.24
-1851.82 -1283.18
-2197.74 -935.867
-1113.02 -1106.3
-1884.09 -1941.55
-1311.42 -1326.76
-2084.68 -979.602
-931.316 -1361.87
-1337.11 -1978.89
-884.548 -816.864
-970.048 -793.756
-1189.86 -872.11
-1072.22 -1463.47
-1466.67 -1854.35
-981.88 -2023.6
-1702.59 -1879.87
-935.758 -2158.53
-876.663 -1314.16
-1665.42 -890.866
-2062.1 -1233.42
-1802.74 -1317.49
-1547.5 -1155.67
-1761.42 -1656.58
-1415.13 -1728.49
-1801.41 -889.813
-942.23 -1552.65
-1681.89 -2022.49
-1287.37 -1381.69
-1033.34 -2005.18
-1824.7 -1998.6
-1680.27 -1271.98
-1230.57 -1331.11
-1899.49 -1873.93
-2027.9 -1368.65
-1859.81 -1378.16
-1952.61 -1897.15
-887.348 -1478.77
-963.1 -1324.63
-882.547 -1896.52
-2055.25 -1634.34
-1025.52 -1932.72
-1786.52 -846.871
-1491.66 -1960.3
-1802.99 -922.321
-762.973 -1792.85
-923.753 -1470.03
-2068.25 -1700.69
-1426.99 -1422.28
-2059.23 -1816.46
-1063.12 -1305.51
-1063.94 -1774.54
-1125.66 -874.936
-1473.41 -1231.33
-998.069 -1367.9
-880.738 -1636.87
-1444.34 -922.139
-1056.74 -1187.58
-1028.57 -1110.33
-1320.45 -1820.59
-1502.67 -717.723
-1466.39 -1373.29
-971.694 -1713.07
-1041.47 -1422.31
-1139.84 -1677.34
-897.434 -995.659
-2046.66 -1491.33
-1662.29 -1251.4
-1772.4 -1094.54
-1750.35 -1054.01
-1974 -702.326
-924.5 -1926.67
-1051.71 -1345.24
-1752.52 -1277.12
-1028.3 -1377.4
-1402.48 -1012.22
-1680.11 -1819.08
-1473.1 -811.663
-1529.71 -1952.22
-1576.98 -1814.94
-776.088 -1968.41
-1417.1 -1779.75
-997.004 -768.561
-1170.88 -1035.21
-1398.45 -726.836
-747.578 -881.595
-772.38 -1329.8
-1980.27 -985.045
-1570.38 -1134.94
-1819.06 -1702.4
-709.543 -1909.6
-1708.31 -1205.79
-1339.53 -1689.61
-1624.69 -1170.2
-974.785 -860.754
-818.784 -1194.12
-970.135 -1075.37
-1172.03 -1546.49
-1904.06 -1288.29
-1345.78 -1660.23
-1869.39 -1313.07
-663.805 -1422.24
-1734.81 -673.403
-1134.59 -653.242
-1670 -1323.88
-1253.03 -971.114
-1503.95 -1713.17
-1432.6 -986.974
-1486.92 -880.245
-1078.95 -1090.27
-1615.34 -1793.3
-924.204 -1235.36
-830.398 -642.691
-1263.34 -1427.62
-1139.35 -777.126
-1423.67 -667.078
-1421.39 -1057.14
-1080.29 -1433.63
-1437.46 -1212.88
-1873.1 -1552.41
-1868.48 -1171.54
-955.946 -1202.11
-1536.15 -1445.14
-1675.51 -1722.86
-906.871 -1103.12
-977.634 -847.183
-1428.19 -1854.93
-1856.54 -1252.57
-778.562 -1611.19
-1746.39 -1219.18
-1248.54 -1266.75
-1677.84 -1271.57
-815.164 -776.035
-1341.88 -874.397
-1772.48 -1597.59
-893.647 -1318.13
-647.434 -1745.75
-1314.53 -1209.37
-1053.04 -1530.34
-771.529 -1110
-1325.03 -1323.3
-1304.46 -1112.61
-1725.19 -888.256
-638.127 -1288.04
-657.649 -660.053
-1290.07 -1732.42
-1158.31 -1267.8
-1419.9 -1111.27
-1360.56 -1346.53
-1099.99 -919.266
-1603.72 -1282.49
-1186.46 -1367.73
-751.22 -1630.94
-1330.04 -671.714
-1157.34 -1178.22
-681.999 -1481.91
-782.623 -661.727
-933.955 -1356.9
-834.818 -683.782
-735.342 -961.112
-878.954 -882.283
-1528.1 -1399.8
-717.049 -1415.6
-965.177 -1144.13
-1452.5 -1453.01
-945.959 -1447.59
-1026.59 -1256.5
-1095.37 -1514.49
-1584.73 -1172.2
-1737.75 -643.008
-1506.45 -965.55
-1029.9 -658.427
-1401.87 -1684.8
-617.338 -1358.1
-1716.46 -1633.27
-765.288 -755.633
-1544.47 -843.623
-1648.64 -1676.21
-1072.18 -1664.63
-1364.54 -868.757
-1707.71 -771.282
-1425.16 -572.843
-1479.36 -996.185
-1569.42 -784.46
-843.484 -1317.31
-1690.57 -1558.78
-1633.39 -613.395
-564.381 -997.023
-632.047 -1304.65
-1210.07 -601.596
-776.444 -618.583
-880.055 -1390.75
-1346.6 -601.091
-1663.99 -808.514
-1097 -715.964
-910.661 -1319.31
-1320.68 -1090.83
-1505.73 -633.461
-844.023 -1097.6
-725.013 -1372.42
-1237.32 -1110.6
-1156.67 -718.072
-1139.22 -1175.87
-802.556 -1153.8
-1191.2 -1203.12
-1257.93 -1430.18
-1148.99 -1397.09
-1436.46 -1565.18
-723.036 -826.749
-980.872 -1424.36
-1085.38 -1245.8
-687.78 -1322.65
-1398.48 -749.896
-1279.27 -1610.4
-1334.45 -604.839
-1149.03 -1443.47
-537.224 -928.8
-1537.74 -668.688
-1257.59 -1109.17
-684.154 -718.055
-1577.52 -819.15
-589.175 -1373.58
-1308.92 -1102.76
-1377.54 -1454.08
-1258.18 -1479.65
-1113.03 -749.178
-1509.6 -734.62
-939.206 -1253.16
-1250.17 -1294.72
-1359.15 -613.772
-1495.59 -980.002
-1361.83 -911.599
-1041.71 -1492.97
-1016.99 -1297.16
-1476.42 -709.456
-989.048 -1161.59
-951.963 -1458.6
-988.195 -1043.56
-918.218 -681.514
-584.642 -787.062
-1003.29 -604.543
-807.948 -1152.46
-843.414 -938.861
-673.531 -1208.25
-1295.96 -533.947
-979.624 -1483.29
-853.604 -1228.42
-1166.71 -786.589
-538.552 -1357.75
-540.88 -644.587
-1271.06 -1467.05
-1383.15 -998.042
-515.09 -694.304
-857.458 -843.978
-1110.24 -906.546
-996.48 -925.344
-559.976 -595.58
-1012.51 -1282
-975.903 -882.559
-907.883 -1169.68
-1136.53 -756.921
-1458.23 -1363.77
-660.115 -494.396
-1323.56 -1120.87
-1257.86 -692.796
-659.408 -1356.74
-869.979 -1031.06
-1219.33 -546.487
-881.861 -882.925
-1279.22 -601.131
-1017.18 -512.626
-610.053 -801.175
-608.5 -1076.78
-499.183 -1110.16
-813.778 -1074.12
-1330.61 -900.389
-798.432 -487.777
-492.947 -1316.53
-984.093 -961.535
-1159.91 -1299.94
-1201.96 -786.368
-1314.81 -1323.64
-1382.33 -634.062
-1021.16 -1087.13
-1201.19 -831.014
-860.837 -858.454
-1168.69 -787.312
-1365.61 -983.81
-670.933 -1289.79
-944.269 -1381.15
-870.109 -994.452
-1005.63 -848.965
-747.895 -1179.81
-737.208 -1020.52
-908.833 -1239.36
-632.916 -489.491
-1315.72 -703.887
-863.077 -541.084
-1140.1 -1289
-737.412 -492.436
-872.106 -945.006
-1255.77 -1116.36
-721.809 -652.623
-558.078 -1227.59
-1223.05 -920.284
-545.245 -1022.08
-509.002 -725.412
-535.945 -1070.37
-728.982 -786.477
-660.292 -803.923
-835.453 -1162.63
-523.616 -828.957
-912.236 -787.008
-720.434 -916.823
-954.783 -699.817
-1176.72 -993.389
-768.169 -489.501
-686.145 -1083.32
-971.216 -1028.66
-622.611 -790.078
-485.87 -855.896
-1125.81 -716.363
-464.822 -546.27
-877.78 -1210.15
-705.894 -739.243
-585.5 -1085
-611.083 -1083.65
-572.153 -664.276
-1126.06 -1065.11
-475.329 -842.504
-539.637 -780.468
-832.192 -1187.51
-976.467 -858.917
-598.804 -1072.01
-584.022 -659.04
-1068.5 -780.43
-1055.86 -635.005
-747.596 -908.168
-837.607 -1086.21
-563.785 -1177.86
-991.708 -1102.92
-918.548 -715.499
-946.47 -1166.89
-970.287 -1057.57
-649.455 -807.196
-1152.8 -1017.78
-948.265 -761.335
-1184.55 -738.523
-564.14 -676.661
-909.255 -551.495
-902.342 -722.893
-934.084 -735.02
-414.362 -718.888
-572.744 -457.035
-402.761 -821.359
-696.856 -716.697
-1010.14 -959.733
-902.29 -396.942
-1022.52 -738.367
-1122.86 -656.842
-465.249 -471.167
-814.027 -1057.37
-601.689 -985.574
-473.446 -786.358
-929.192 -754.274
-1063.1 -958.975
-511.872 -638.625
-945.757 -805.209
-860.874 -524.91
-932.783 -1109.48
-656.048 -862.854
-646.778 -459.515
-462.095 -487.714
-819.537 -377.921
-632.562 -1064.44
-389.651 -767.097
-659.651 -701.36
-527.956 -795.118
-432.866 -861
-470.649 -607.997
-417.971 -951.214
-455.322 -380.036
-784.679 -538.256
-674.092 -992.102
-957.197 -507.231
-969.639 -469.029
-545.073 -488.391
-592.41 -494.799
-494.321 -622.613
-559.866 -1012.9
-666.509 -737.234
-1049.42 -570.791
-974.344 -936.237
-688.904 -477.879
-703.956 -1027.15
-871.914 -780.396
-788.785 -745.897
-907.106 -949.582
-842.444 -478.891
-612.974 -493.67
-592.018 -703.01
-820.267 -489.615
-614.565 -761.748
-1009.37 -1034.86
-964.696 -737.506
-406.891 -503.608
-705.09 -564.006
-430.375 -378.178
-492.875 -605.788
-564.886 -744.894
-470.132 -822.31
-517.183 -377.19
-947.308 -882.5
-1001.37 -369.122
-504.6 -737.854
-403.539 -575.462
-708.315 -732.551
-460.272 -850.792
-842.366 -958.383
-668.03 -427.339
-577.76 -767.378
-975.465 -723.013
-754.455 -918.553
-513.971 -398.834
-783.742 -893.672
-701.962 -724.209
-758.48 -902.942
-774.49 -867.415
-895.422 -690.264
-430.034 -760.525
-347.85 -410.432
-789.802 -492.621
-349.544 -702.06
-663.935 -906.007
-363.122 -833.116
-617.976 -350.485
-725.421 -596.571
-532.218 -603.078
-669.69 -502.453
-420.395 -706.64
-465.151 -480.674
-413.262 -776.095
-676.716 -875.175
-609.442 -839.712
-643.963 -605.252
-689.467 -709.071
-872.203 -666.212
-423.965 -526.134
-481.533 -896.422
-784.023 -750.591
-781.892 -523.08
-790.409 -468.4
-743.011 -571.137
-750.517 -399.134
-774.347 -485.371
-646.147 -849.23
-702.772 -328.258
-866.694 -740.629
-660.786 -463.554
-746.549 -565.458
-367.713 -396.552
-739.524 -527.716
-737.978 -327.475
-317.235 -848.984
-701.212 -330.874
-541.644 -772.372
-362.564 -584.5
-841.83 -436.956
-532.387 -781.128
-396.133 -702.966
-666.514 -421.102
-452.108 -725.415
-591.528 -492.279
-653.249 -437.234
-695.966 -383.85
-483.5 -529.034
-753.436 -764.348
-798.978 -359.565
-346.86 -628.916
-669.124 -279.674
-740.363 -736.292
-480.193 -368.422
-512.847 -273.016
-744.576 -469.859
-335.54 -745.201
-345.942 -317.575
-738.791 -697.444
-371.52 -506.512
-656.144 -504.677
-604.74 -723.211
-440.617 -526.755
-470.234 -278.475
-359.209 -372.668
-708.456 -447.754
-454.205 -426.88
-355.6 -567.562
-659.214 -385.146
-388.365 -551.443
-740.725 -380.253
-328.922 -332.252
-380.528 -300.204
-707.82 -402.356
-630.364 -327.499
-554.962 -310.052
-252.444 -503.355
-262.674 -383.136
-399.919 -419.894
-526.175 -458.714
-636.446 -491.573
-650.41 -463.194
-275.448 -337.004
-459.001 -261.301
-540.956 -652.841
-296.717 -581.964
-655.905 -522.105
-567.085 -367.168
-509.724 -304.52
-377.91 -525.596
-582.564 -399.063
-639.005 -662.679
-329.489 -583.567
-288.111 -649.992
-393.551 -472.319
-250.352 -550.124
-304.065 -306.466
-396.051 -630.375
-648.474 -334.459
-275.662 -597.803
-474.253 -481.274
-305.027 -328.875
-451.119 -421.418
-485.502 -611.741
-446.707 -267.889
-422.921 -616.027
-584.836 -336.996
-235.944 -368.768
-332.469 -243.989
-471.095 -288.73
-589.146 -483.296
-556.141 -488.377
-444.412 -236.126
-338.064 -291.757
-223.954 -418.335
-244.079 -383.712
-482.412 -455.873
-231.345 -319.664
-275.945 -284.038
-329.102 -476.119
-441.218 -485.161
-595.353 -516.598
-257.068 -378.365
-404.36 -210.815
-280.152 -364.109
-220.37 -245.004
-501.418 -234.004
-257.071 -537.102
-223.166 -324.854
-518.346 -373.618
-535.589 -235.591
-466.043 -547.188
-270.596 -404.953
-476.975 -485.451
-359.82 -334.05
-220.408 -214.091
-504.991 -204.263
-368.152 -211.012
-220.796 -184.064
-336.588 -187.021
-230.348 -293.909
-327.39 -354.382
-308.211 -508.303
-268.216 -380.75
-189.203 -331.546
-369.87 -209.593
-184.624 -502.034
-347.164 -267.693
-191.086 -256.335
-389.259 -260.793
-284.203 -346.087
-360.865 -415.309
-436.783 -232.449
-231.141 -185.956
-188.548 -465.24
-231.157 -368.565
-193.371 -230.4
-199.957 -361.838
-216.489 -307.856
-446.586 -278.774
-306.895 -224.045
-198.908 -294.541
-377.459 -310.946
-384.24 -352.861
-430.822 -388.256
-230.704 -261.665
-170.877 -215.134
-270.694 -399.866
-412.737 -410.36
-372.397 -323.459
-200.806 -425.968
-179.746 -425.539
-301.664 -222.897
-352.109 -208.932
-312.65 -345.01
-398.978 -309.131
-428.128 -147.01
-282.798 -427.691
-312.314 -329.976
-250.081 -195.472
-288.77 -269.171
-320.724 -312.777
-251.728 -298.054
-249.315 -141.926
-294.653 -203.987
-175.44 -168.181
-142.22 -334.051
-397.201 -198.579
-251.007 -275.615
-184.601 -306.615
-185.897 -394.111
-392.031 -144.377
-136.722 -174.29
-339.553 -250.638
-295.663 -284.231
-141.748 -175.389
-327.511 -169.276
-309.052 -298.845
-299.065 -173.271
-230.688 -155.724
-182.225 -188.731
-121.391 -260.888
-315.246 -184.726
-308.95 -350.51
-265.599 -177.028
-173.853 -349.151
-126.012 -308.462
-344.982 -170.031
-276.047 -129.735
-266.52 -297.421
-113.463 -193.909
-230.301 -274.692
-205.201 -287.359
-110.057 -168.645
-195.832 -137.946
-195.195 -201.718
-110.379 -244.532
-298.861 -191.886
-184.386 -277.51
-120.366 -251.579
-247.524 -104.426
-270.976 -167.107
-213.305 -251.302
-262.453 -265.595
-226.853 -152.343
-221.727 -194.934
-142.496 -223.477
-184.322 -129.26
-179.337 -220.881
-244.318 -181.344
-260.834 -250.341
-184.548 -132.07
-205.092 -258.881
-226.489 -166.812
-115.879 -92.5537
-93.571 -236.067
-117.643 -235.942
-191.805 -234.469
-205.064 -210.084
-87.6076 -158.329
-239.21 -143.997
-87.7995 -189.65
-216.159 -112.122
-217.355 -159.91
-231.981 -125.567
-102.481 -183.136
-215.059 -213.504
-201.429 -176.919
-91.2579 -156.031
-157.7 -162.829
-139.965 -111.601
-91.8406 -158.742
-139.598 -161.833
-125.09 -175.954
-99.1192 -97.6142
-146.835 -125.183
-79.8445 -90.7391
-115.464 -147.908
-83.1801 -186.352
-95.8598 -96.2443
-180.177 -78.9757
-66.0668 -113.003
-72.6857 -164.148
-108.815 -163.358
-115.96 -83.7893
-113.696 -57.2618
-125.462 -164.823
-124.034 -125.85
-99.2655 -66.6713
-88.5182 -56.6072
-100.696 -119.386
-136.207 -145.948
-106.862 -107.312
-100.841 -70.9071
-94.789 -116.972
-127.404 -121.24
-65.8756 -86.5193
-72.7495 -125.72
-112.753 -72.3143
-89.7904 -105.822
-103.554 -65.5991
-61.7114 -44.3952
-94.8401 -68.2386
-75.6841 -107.653
-107.479 -45.9516
-92.6901 -96.5986
-89.0098 -63.5347
-101.888 -76.155
-89.18 -54.7307
-34.5393 -64.9795
-49.5567 -51.1268
-76.8355 -85.4784
-76.5346 -59.4218
-76.1028 -31.7614
-71.5736 -59.1841
-72.2413 -46.2343
-46.675 -52.5661
-68.1934 -29.5189
-70.5859 -27.9887
-31.6353 -38.3721
-28.1408 -60.9282
-32.2207 -60.4923
-41.1288 -55.0324
-25.8656 -27.4627
-43.4606 -30.2289
-38.7106 -23.9359
-18.6457 -47.41
-29.1578 -26.3349
-25.9123 -38.0312
-23.793 -20.3851
-27.3656 -16.8849
-26.7173 -16.5642
-16.8659 -10.7566
-11.1767 -19.4092
-22.5995 -13.0214
-9.77996 -11.3211
-8.98733 -6.62438
-14.2784 -9.65727
-9.50744 -10.2173
-3.70113 -3.65109
-3.25004 -3.58268
-1.75447 -2.5108
-0 -0
